00101120
01001110
0100111020
01002110
0100111020211020
10001120
0010112001
11001020
1100102001
20002110
2000211001
200021100111
20002110011102
2000211001110212
2000211001110212221110
22001210
02001210
2200121020
220012102001
22001210200111
2200121020011121
001011200121
00101120012102
0010112001210212
21001110
1000112001
100011200121
10001120012102
20001110
2000111001
200011100121
11002010
11002010012210
200011100121020110
12000210
0200121020
1200021020
020012102001
02001210200111
0200121020011121
2100111020
010011102021102002
2100111020010210
21002010
22002110
12002210
0100111020210210
10001120012102120120
12001020
1200102001
21000110
22002010
